0.000016   0.012686  
0.000028   0.109105  
0.000028   0.204849  
0.000034   0.302246  
0.000037   0.398579  
0.000040   0.494989  
0.000044   0.591384  
0.000047   0.687770  
0.000047   0.784309  
0.000050   0.881380  
0.000050   0.978413  
0.000053   0.980573  
0.000053   0.981239  
0.000053   0.981910  
0.000053   0.982619  
0.000053   0.984483  
0.000053   0.986385  
0.000053   0.988334  
0.000053   0.990385  
0.000056   0.990941  
0.000059   0.991607  
0.000059   0.992210  
0.000059   0.992843  
0.000059   0.993499  
0.000059   0.994208  
0.000059   0.994582  
0.000059   0.994970  
0.000059   0.995401  
0.000059   0.995626  
0.000062   0.995899  
0.000068   0.996584  
0.000072   0.996872  
0.000075   0.997269  
0.000078   0.997423  
0.000081   0.997619  
0.000081   0.997720  
0.000081   0.997835  
0.000081   0.997954  
0.000081   0.998108  
0.000081   0.998242  
0.000081   0.998568  
0.000081   0.998783  
0.000087   0.999090  
0.000090   0.999272  
0.000100   0.999516  
0.000100   0.999780  
0.000103   0.999799  
0.000103   0.999818  
0.000103   0.999823  
0.000103   0.999909  
0.000103   0.999923  
0.000103   0.999976  
0.000109   0.999976  
0.000112   0.999976  
0.000118   0.999976  
0.000124   0.999976  
0.000128   0.999976  
0.000165   0.999976  
0.000168   0.999976  
0.000174   0.999976  
0.000177   0.999976  
0.000187   0.999976  
0.000202   0.999976  
0.000205   0.999976  
0.000218   0.999976  
0.000221   0.999981  
0.000252   0.999981  
0.000274   0.999981  
0.000292   0.999981  
0.000330   0.999981  
0.000361   0.999981  
0.000404   0.999981  
0.000423   0.999981  
0.000439   0.999981  
0.000476   0.999981  
0.095520   0.999981  
1.000000   1.000000  
