0.000016   0.965337  
0.000017   0.969653  
0.000017   0.973839  
0.000017   0.975801  
0.000019   0.980837  
0.000019   0.982145  
0.000019   0.983519  
0.000019   0.985219  
0.000019   0.986985  
0.000019   0.988816  
0.000021   0.989274  
0.000021   0.989601  
0.000021   0.989993  
0.000021   0.990909  
0.000021   0.991563  
0.000021   0.992348  
0.000021   0.992740  
0.000021   0.993198  
0.000021   0.993852  
0.000021   0.993918  
0.000021   0.994048  
0.000023   0.994114  
0.000023   0.994179  
0.000023   0.994702  
0.000023   0.994833  
0.000023   0.995029  
0.000023   0.995095  
0.000023   0.995226  
0.000023   0.995291  
0.000023   0.995356  
0.000023   0.995553  
0.000023   0.996337  
0.000023   0.996468  
0.000025   0.996599  
0.000025   0.996730  
0.000025   0.996795  
0.000027   0.996861  
0.000029   0.996861  
0.000031   0.996861  
0.000037   0.996861  
0.000041   0.996861  
0.000047   0.996926  
0.000054   0.996991  
0.000058   0.997057  
0.000064   0.997057  
0.000074   0.997122  
0.000095   0.997122  
0.000101   0.997122  
0.000136   0.997122  
0.000138   0.997122  
0.000142   0.997253  
0.000150   0.997253  
0.000157   0.997319  
0.000165   0.997384  
0.000272   0.997384  
0.000286   0.997449  
0.000385   0.997646  
0.000398   0.997711  
0.000408   0.997776  
0.000482   0.997842  
0.000606   0.997973  
0.000693   0.997973  
0.000825   0.997973  
0.000880   0.997973  
0.000911   0.997973  
0.000973   0.997973  
0.001022   0.997973  
0.001068   0.997973  
0.001109   0.997973  
0.001189   0.998038  
0.001251   0.998103  
0.001412   0.998169  
0.001528   0.998234  
0.001806   0.998365  
0.001917   0.998430  
0.002008   0.998430  
0.002183   0.998430  
0.002340   0.998430  
0.002492   0.998430  
0.002779   0.998430  
0.003045   0.998430  
0.003302   0.998430  
0.003546   0.998430  
0.003816   0.998496  
0.004042   0.998561  
0.004873   0.998561  
0.005663   0.998561  
0.006434   0.998561  
0.007190   0.998561  
0.007477   0.998561  
0.007749   0.998561  
0.008019   0.998561  
0.008895   0.998627  
0.048232   0.998627  
0.087585   0.998692  
0.126722   0.998692  
0.165800   0.998757  
0.204885   0.998823  
0.243938   0.998888  
0.283013   0.998954  
0.322498   0.999084  
0.381832   0.999150  
0.420646   0.999150  
0.459737   0.999346  
0.519070   0.999477  
0.578410   0.999477  
0.637748   0.999477  
0.697058   0.999542  
0.756396   0.999608  
1.000000   1.000000  
