0.000038   0.201785  
0.000043   0.301432  
0.000043   0.401116  
0.000043   0.500803  
0.000043   0.600487  
0.000053   0.700181  
0.000053   0.799891  
0.000053   0.899581  
0.000067   0.999275  
0.000067   0.999308  
0.000067   0.999325  
0.000067   0.999378  
0.000067   0.999445  
0.000067   0.999488  
0.000067   0.999534  
0.000067   0.999594  
0.000067   0.999631  
0.000067   0.999684  
0.000067   0.999691  
0.000077   0.999727  
0.000082   0.999727  
0.000087   0.999741  
0.000087   0.999761  
0.000087   0.999787  
0.000087   0.999800  
0.000087   0.999817  
0.000087   0.999840  
0.000087   0.999870  
0.000101   0.999890  
0.000101   0.999894  
0.000111   0.999894  
0.000120   0.999900  
0.000135   0.999900  
0.000154   0.999904  
0.000164   0.999904  
0.000168   0.999910  
0.000173   0.999910  
0.000217   0.999917  
0.000236   0.999920  
0.000380   0.999920  
0.000496   0.999920  
0.000717   0.999920  
0.000823   0.999920  
0.000924   0.999920  
0.000991   0.999920  
0.001078   0.999920  
0.001217   0.999924  
0.001280   0.999927  
0.001333   0.999930  
0.001453   0.999937  
0.001521   0.999937  
0.001588   0.999940  
0.002007   0.999947  
0.002420   0.999953  
0.002618   0.999953  
0.002753   0.999953  
0.002882   0.999953  
0.003003   0.999953  
0.003118   0.999953  
0.003330   0.999953  
0.003426   0.999953  
0.003883   0.999953  
0.004312   0.999953  
0.004730   0.999953  
0.005548   0.999953  
0.005953   0.999953  
0.007180   0.999953  
0.007565   0.999957  
0.008402   0.999957  
0.009345   0.999957  
0.011539   0.999957  
0.012603   0.999957  
0.013642   0.999957  
0.014653   0.999957  
0.015649   0.999957  
0.016602   0.999957  
0.018021   0.999957  
0.019378   0.999957  
0.022063   0.999957  
0.023382   0.999957  
0.024691   0.999957  
0.025913   0.999957  
0.027121   0.999957  
0.029883   0.999957  
0.032486   0.999957  
0.035167   0.999960  
1.000000   1.000000  
