0.000018   0.400980  
0.000022   0.500774  
0.000027   0.600523  
0.000027   0.700317  
0.000027   0.800114  
0.000036   0.899902  
0.000040   0.999690  
0.000040   0.999742  
0.000040   0.999781  
0.000045   0.999797  
0.000049   0.999820  
0.000054   0.999843  
0.000058   0.999856  
0.000058   0.999866  
0.000062   0.999882  
0.000071   0.999889  
0.000071   0.999899  
0.000076   0.999905  
0.000080   0.999918  
0.000085   0.999928  
0.000085   0.999935  
0.000085   0.999944  
0.000085   0.999948  
0.000085   0.999951  
0.000089   0.999951  
0.000094   0.999951  
0.000098   0.999951  
0.000107   0.999958  
0.000121   0.999958  
0.000125   0.999958  
0.000161   0.999958  
0.000170   0.999958  
0.000174   0.999958  
0.000205   0.999961  
0.000330   0.999961  
0.000451   0.999961  
0.000567   0.999961  
0.000661   0.999961  
0.000750   0.999961  
0.001094   0.999964  
0.001228   0.999964  
0.001513   0.999964  
0.001808   0.999967  
0.003718   0.999967  
0.005535   0.999967  
0.007307   0.999967  
0.009044   0.999967  
0.011061   0.999967  
0.100873   0.999967  
0.281733   0.999967  
0.372491   0.999967  
1.000000   1.000000  
