0.000044   0.700425  
0.000044   0.799701  
0.000044   0.898962  
0.000065   0.998314  
0.000065   0.998675  
0.000071   0.998748  
0.000076   0.998840  
0.000082   0.998946  
0.000082   0.998999  
0.000082   0.999029  
0.000082   0.999062  
0.000082   0.999112  
0.000082   0.999165  
0.000087   0.999347  
0.000087   0.999377  
0.000093   0.999407  
0.000098   0.999460  
0.000098   0.999480  
0.000098   0.999530  
0.000098   0.999563  
0.000098   0.999606  
0.000098   0.999649  
0.000098   0.999699  
0.000104   0.999715  
0.000109   0.999732  
0.000109   0.999745  
0.000109   0.999752  
0.000109   0.999761  
0.000109   0.999775  
0.000109   0.999791  
0.000115   0.999798  
0.000120   0.999808  
0.000125   0.999814  
0.000136   0.999814  
0.000136   0.999821  
0.000136   0.999841  
0.000136   0.999844  
0.000147   0.999844  
0.000175   0.999844  
0.000196   0.999844  
0.000207   0.999851  
0.000229   0.999851  
0.000251   0.999854  
0.000256   0.999854  
0.000289   0.999854  
0.000306   0.999854  
0.000546   0.999858  
0.000562   0.999864  
0.000742   0.999867  
0.000922   0.999877  
0.001211   0.999884  
0.001271   0.999884  
0.001484   0.999891  
0.001681   0.999897  
0.001877   0.999911  
0.001921   0.999911  
0.001997   0.999911  
0.002030   0.999911  
0.002052   0.999911  
0.002068   0.999911  
0.002112   0.999914  
0.002188   0.999914  
0.002254   0.999920  
0.002423   0.999920  
0.002559   0.999920  
0.002750   0.999924  
0.002990   0.999924  
0.003197   0.999924  
0.003383   0.999927  
0.003732   0.999930  
0.004065   0.999934  
0.004382   0.999937  
0.004769   0.999937  
0.005107   0.999937  
0.005827   0.999937  
0.006193   0.999937  
0.006531   0.999937  
0.006941   0.999940  
0.007295   0.999944  
0.007661   0.999947  
0.007879   0.999950  
0.008228   0.999950  
0.008545   0.999950  
0.008856   0.999950  
0.009156   0.999950  
0.009451   0.999950  
0.009734   0.999950  
0.011999   0.999954  
0.014187   0.999954  
0.016320   0.999954  
0.018323   0.999954  
0.020729   0.999954  
0.023015   0.999957  
0.027042   0.999957  
0.029257   0.999964  
0.033170   0.999964  
0.037267   0.999967  
0.041627   0.999967  
0.045965   0.999967  
0.050276   0.999967  
0.054559   0.999967  
0.058771   0.999967  
1.000000   1.000000  
