0.000014   0.615929  
0.000014   0.684530  
0.000016   0.751520  
0.000018   0.820618  
0.000020   0.891701  
0.000022   0.901625  
0.000024   0.912046  
0.000024   0.922466  
0.000024   0.933011  
0.000024   0.943803  
0.000024   0.954844  
0.000024   0.966629  
0.000030   0.977174  
0.000034   0.987967  
0.000034   0.990200  
0.000038   0.991316  
0.000038   0.991440  
0.000044   0.992061  
0.000048   0.992061  
0.000052   0.992061  
0.000054   0.992061  
0.000058   0.992309  
0.000058   0.992557  
0.000058   0.992805  
0.000058   0.993053  
0.000064   0.993053  
0.000066   0.993053  
0.000070   0.993549  
0.000094   0.993549  
0.000100   0.993549  
0.000108   0.993673  
0.000120   0.994045  
0.000126   0.994169  
0.000144   0.994169  
0.000158   0.994169  
0.000172   0.994294  
0.000180   0.994294  
0.000186   0.994542  
0.000202   0.994542  
0.000214   0.994542  
0.000222   0.994666  
0.000222   0.994790  
0.000244   0.995038  
0.000342   0.995038  
0.000436   0.995038  
0.000524   0.995038  
0.000615   0.995162  
0.000697   0.995286  
0.000729   0.995286  
0.000751   0.995286  
0.000839   0.995534  
0.000867   0.995534  
0.000895   0.995534  
0.000919   0.995534  
0.000935   0.995534  
0.000955   0.995534  
0.001239   0.995782  
0.001505   0.995906  
0.001954   0.995906  
0.002408   0.995906  
0.002828   0.995906  
0.003241   0.995906  
0.003671   0.996030  
0.004124   0.996278  
0.004562   0.996526  
0.004954   0.996775  
0.005018   0.996775  
0.005257   0.996775  
0.005509   0.996775  
0.005737   0.996775  
0.005941   0.996775  
0.006143   0.996775  
0.006303   0.996775  
0.006692   0.996899  
0.007038   0.997023  
0.007286   0.997147  
0.007484   0.997147  
0.007991   0.997271  
0.046334   0.997395  
0.084815   0.997519  
0.123168   0.997767  
0.161513   0.998015  
0.221413   0.998387  
0.281312   0.998387  
0.341222   0.998387  
0.401122   0.998635  
0.439084   0.998635  
0.476995   0.998635  
0.514880   0.998635  
0.552760   0.998635  
0.612654   0.998635  
0.672550   0.998635  
0.732445   0.998635  
0.792317   0.998759  
0.830282   0.998884  
0.868152   0.999008  
1.000000   1.000000  
