0.000026   0.012851  
0.000029   0.107725  
0.000032   0.202839  
0.000032   0.297737  
0.000032   0.392651  
0.000032   0.487630  
0.000032   0.582733  
0.000039   0.678798  
0.000045   0.774884  
0.000049   0.871289  
0.000052   0.967349  
0.000052   0.968606  
0.000052   0.969877  
0.000052   0.971239  
0.000052   0.972611  
0.000052   0.975404  
0.000052   0.976816  
0.000052   0.978293  
0.000052   0.978788  
0.000055   0.979409  
0.000058   0.980681  
0.000058   0.981081  
0.000058   0.981587  
0.000058   0.982098  
0.000058   0.982668  
0.000058   0.983299  
0.000058   0.983900  
0.000062   0.984766  
0.000065   0.985742  
0.000065   0.985902  
0.000071   0.986884  
0.000078   0.987980  
0.000084   0.989116  
0.000084   0.989217  
0.000084   0.989437  
0.000084   0.989557  
0.000084   0.989682  
0.000084   0.989817  
0.000084   0.989957  
0.000087   0.991034  
0.000087   0.991239  
0.000091   0.992360  
0.000091   0.993397  
0.000091   0.994448  
0.000091   0.995584  
0.000094   0.995655  
0.000094   0.995725  
0.000097   0.996390  
0.000104   0.997101  
0.000110   0.997267  
0.000110   0.997337  
0.000117   0.997557  
0.000120   0.997762  
0.000123   0.997992  
0.000123   0.998213  
0.000123   0.998448  
0.000123   0.998693  
0.000126   0.998839  
0.000130   0.998894  
0.000133   0.998959  
0.000133   0.999029  
0.000133   0.999134  
0.000133   0.999244  
0.000133   0.999474  
0.000133   0.999594  
0.000133   0.999745  
0.000139   0.999760  
0.000143   0.999770  
0.000146   0.999785  
0.000149   0.999805  
0.000149   0.999830  
0.000149   0.999890  
0.000165   0.999920  
0.000165   0.999925  
0.000165   0.999935  
0.000172   0.999935  
0.000172   0.999940  
0.000181   0.999940  
0.000181   0.999950  
0.000198   0.999950  
0.000204   0.999950  
0.000262   0.999950  
0.000308   0.999950  
0.000350   0.999950  
0.000415   0.999950  
0.000466   0.999950  
0.000483   0.999950  
0.000525   0.999950  
0.000832   0.999950  
0.001121   0.999950  
0.001402   0.999950  
0.001678   0.999950  
0.001950   0.999950  
0.002212   0.999950  
0.002500   0.999950  
0.002782   0.999955  
0.004573   0.999955  
0.006381   0.999955  
0.008237   0.999960  
0.009986   0.999965  
1.000000   1.000000  
