0.000023   0.537007  
0.000023   0.615066  
0.000023   0.694439  
0.000023   0.774317  
0.000023   0.854702  
0.000023   0.935490  
0.000025   0.939535  
0.000027   0.942973  
0.000027   0.946815  
0.000027   0.951264  
0.000029   0.954803  
0.000029   0.957331  
0.000029   0.960465  
0.000029   0.960667  
0.000029   0.961274  
0.000029   0.961678  
0.000029   0.962690  
0.000029   0.963296  
0.000029   0.963498  
0.000036   0.967341  
0.000044   0.970981  
0.000048   0.974621  
0.000053   0.979980  
0.000059   0.983316  
0.000061   0.986653  
0.000063   0.991102  
0.000063   0.991203  
0.000065   0.991405  
0.000067   0.991709  
0.000072   0.992012  
0.000074   0.992214  
0.000074   0.992315  
0.000074   0.992417  
0.000076   0.992821  
0.000080   0.993832  
0.000080   0.994237  
0.000082   0.994439  
0.000082   0.994641  
0.000082   0.994742  
0.000084   0.994944  
0.000084   0.995046  
0.000084   0.995248  
0.000090   0.995248  
0.000093   0.995248  
0.000093   0.995450  
0.000097   0.995551  
0.000101   0.995551  
0.000109   0.995551  
0.000122   0.995551  
0.000128   0.995652  
0.000135   0.995652  
0.000147   0.995652  
0.000156   0.995652  
0.000166   0.995753  
0.000177   0.995854  
0.000208   0.995854  
0.000236   0.995854  
0.000263   0.995854  
0.000284   0.995854  
0.000316   0.995854  
0.000328   0.995854  
0.000332   0.995956  
0.000341   0.996057  
0.000347   0.996158  
0.000368   0.996158  
0.000402   0.996259  
0.000421   0.996360  
0.000560   0.996461  
0.000587   0.996562  
0.000713   0.996764  
0.000873   0.996764  
0.001016   0.996764  
0.001294   0.996764  
0.001353   0.996866  
0.001399   0.996967  
0.001652   0.997169  
0.001801   0.997169  
0.001940   0.997169  
0.002071   0.997169  
0.002188   0.997169  
0.002258   0.997169  
0.002487   0.997169  
0.002714   0.997169  
0.003131   0.997169  
0.003331   0.997169  
0.003527   0.997169  
0.003725   0.997169  
0.003914   0.997169  
0.004840   0.997270  
0.006420   0.997371  
0.007304   0.997371  
0.008179   0.997371  
0.009038   0.997371  
0.009861   0.997371  
0.010633   0.997371  
0.012142   0.997371  
0.013694   0.997371  
0.048850   0.997674  
0.083838   0.997674  
0.118827   0.997674  
0.153810   0.997674  
0.188766   0.997674  
0.223815   0.997776  
0.258112   0.997776  
0.292401   0.997877  
0.326666   0.997978  
0.361565   0.998382  
0.424670   0.998787  
0.487717   0.998787  
0.550774   0.998787  
1.000000   1.000000  
