0.000029   0.005566  
0.000042   0.101223  
0.000045   0.195144  
0.000048   0.289128  
0.000048   0.383135  
0.000051   0.479202  
0.000051   0.575014  
0.000051   0.670902  
0.000051   0.766807  
0.000051   0.862706  
0.000064   0.959061  
0.000064   0.963196  
0.000064   0.967453  
0.000071   0.971779  
0.000071   0.972298  
0.000071   0.972840  
0.000071   0.973376  
0.000071   0.973924  
0.000077   0.976266  
0.000077   0.977408  
0.000077   0.978031  
0.000080   0.980338  
0.000083   0.982755  
0.000083   0.984871  
0.000083   0.987127  
0.000087   0.989520  
0.000087   0.989820  
0.000087   0.990132  
0.000087   0.990449  
0.000087   0.990777  
0.000087   0.991112  
0.000087   0.991481  
0.000090   0.994019  
0.000096   0.994711  
0.000099   0.995046  
0.000103   0.995397  
0.000106   0.995767  
0.000109   0.996141  
0.000112   0.996528  
0.000112   0.996885  
0.000115   0.997318  
0.000115   0.997728  
0.000115   0.998489  
0.000122   0.998835  
0.000122   0.998893  
0.000125   0.999273  
0.000128   0.999291  
0.000132   0.999314  
0.000138   0.999383  
0.000141   0.999394  
0.000144   0.999441  
0.000148   0.999516  
0.000148   0.999533  
0.000148   0.999556  
0.000148   0.999590  
0.000148   0.999694  
0.000148   0.999740  
0.000148   0.999804  
0.000148   0.999839  
0.000148   0.999856  
0.000151   0.999862  
0.000151   0.999867  
0.000151   0.999879  
0.000151   0.999885  
0.000151   0.999896  
0.000154   0.999896  
0.000160   0.999902  
0.000167   0.999902  
0.000173   0.999902  
0.000176   0.999902  
0.000180   0.999902  
0.000199   0.999902  
0.000228   0.999902  
0.000250   0.999902  
0.000273   0.999908  
0.000295   0.999919  
0.000305   0.999919  
0.000318   0.999919  
0.000334   0.999919  
0.000340   0.999919  
0.000375   0.999919  
0.000420   0.999919  
0.000433   0.999919  
0.000452   0.999919  
0.000459   0.999919  
0.000488   0.999919  
0.000539   0.999919  
0.000587   0.999919  
0.000619   0.999919  
0.000703   0.999919  
0.000754   0.999919  
0.000786   0.999919  
0.000962   0.999925  
0.001065   0.999931  
0.001241   0.999931  
0.001386   0.999931  
0.001508   0.999931  
0.001636   0.999931  
0.001745   0.999931  
0.001861   0.999931  
1.000000   1.000000  
