#       CLASS = BOT
#       TP Rate    FP Rate    Precision  Recall     F-Measure  Class
60      0.999896   0.000151   0.999729   0.999896   0.999813   BOT
120     0.999935   0.000172   0.999735   0.999935   0.999835   BOT
180     0.999976   0.000109   0.999832   0.999976   0.999904   BOT
240     0.999953   0.000093   0.999859   0.999953   0.999906   BOT
300     0.999972   0.000059   0.999912   0.999972   0.999942   BOT
600     0.999952   0.000054   0.999927   0.999952   0.999939   BOT
1200    0.999925   0.000078   0.999890   0.999925   0.999907   BOT
1800    0.999958   0.000044   0.999942   0.999958   0.999950   BOT
3600    0.999944   0.000027   0.999968   0.999944   0.999956   BOT
7200    0.999984   0.000011   0.999988   0.999984   0.999986   BOT
10800   1.000000   0.000019   0.999980   1.000000   0.999990   BOT
21600   1.000000   0.000000   1.000000   1.000000   1.000000   BOT
32400   0.999991   0.000006   0.999996   0.999991   0.999993   BOT
43200   0.999991   0.000000   1.000000   0.999991   0.999995   BOT
