#       CLASS = NORM
#       TP Rate    FP Rate    Precision  Recall     F-Measure  Class
60      0.995046   0.000084   0.995952   0.995046   0.995498   NORM
120     0.992557   0.000058   0.996389   0.992557   0.994469   NORM
180     0.996861   0.000031   0.998951   0.996861   0.997905   NORM
240     0.997876   0.000050   0.998715   0.997876   0.998295   NORM
300     0.998221   0.000037   0.998975   0.998221   0.998598   NORM
600     0.999065   0.000030   0.999287   0.999065   0.999176   NORM
1200    0.999085   0.000033   0.999352   0.999085   0.999219   NORM
1800    0.999402   0.000026   0.999477   0.999402   0.999439   NORM
3600    0.999695   0.000027   0.999466   0.999695   0.999580   NORM
7200    0.999886   0.000008   0.999847   0.999886   0.999866   NORM
10800   0.999810   0.000000   1.000000   0.999810   0.999905   NORM
21600   1.000000   0.000000   1.000000   1.000000   1.000000   NORM
32400   0.999959   0.000003   0.999959   0.999959   0.999959   NORM
43200   1.000000   0.000010   0.999869   1.000000   0.999935   NORM
