#       CLASS = P2P
#       TP Rate    FP Rate    Precision  Recall     F-Measure  Class
60      0.999844   0.000147   0.999911   0.999844   0.999877   P2P
120     0.999894   0.000111   0.999924   0.999894   0.999909   P2P
180     0.999944   0.000085   0.999938   0.999944   0.999941   P2P
240     0.999937   0.000069   0.999947   0.999937   0.999942   P2P
300     0.999957   0.000060   0.999954   0.999957   0.999955   P2P
600     0.999983   0.000016   0.999986   0.999983   0.999985   P2P
1200    0.999990   0.000008   0.999993   0.999990   0.999991   P2P
1800    0.999986   0.000007   0.999993   0.999986   0.999990   P2P
3600    1.000000   0.000000   1.000000   1.000000   1.000000   P2P
7200    1.000000   0.000000   1.000000   1.000000   1.000000   P2P
10800   1.000000   0.000000   1.000000   1.000000   1.000000   P2P
21600   1.000000   0.000000   1.000000   1.000000   1.000000   P2P
32400   1.000000   0.000004   0.999993   1.000000   0.999997   P2P
43200   0.999987   0.000000   1.000000   0.999987   0.999994   P2P
